219 219 219 219 219 219 219 219 219 219 219 219 219 219 219
219 32 32 32 32 32 32 32 32 32 32 32 32 32 219
219 32 32 32 32 32 32 32 32 32 32 32 32 32 219
219 32 32 32 32 32 32 32 32 32 32 32 32 32 219
219 32 32 32 32 32 32 32 32 32 32 32 32 32 219
219 32 32 32 32 32 32 32 32 32 32 32 32 32 219
219 32 32 32 32 32 32 32 32 32 32 32 32 32 219
219 32 32 32 32 32 32 32 32 32 32 32 32 32 219
219 32 32 32 32 32 32 32 32 32 32 32 32 32 219
219 32 32 32 32 32 32 32 32 32 32 32 32 32 219
219 32 32 32 32 32 32 220 32 32 32 32 32 32 219
219 32 32 32 32 32 32 219 32 32 32 32 32 32 219
219 32 32 32 32 32 32 219 205 203 205 203 205 203 219
219 219 219 219 219 219 219 177 32 186 32 186 32 186 219
219 219 219 219 219 219 219 219 219 219 219 219 219 219 219
