15 15 15 15 15 15 15 15 15 15 15 15 15 15 15
15 15 15 15 15 15 15 15 15 15 15 15 15 15 15
15 15 15 15 15 15 15 15 15 15 15 15 15 15 15
15 15 15 15 15 15 15 15 15 15 15 15 15 15 15
15 15 15 15 15 15 15 15 15 15 15 15 15 15 15
15 15 15 15 15 15 15 15 15 15 15 15 15 15 15
15 15 15 15 15 15 15 15 15 15 15 15 15 15 15
15 15 15 15 15 15 15 15 15 15 15 15 15 15 15
15 15 15 15 15 15 15 15 15 15 15 15 15 15 15
15 15 15 15 15 15 15 15 15 15 15 15 15 15 15
15 15 15 15 15 15 15 4 15 15 15 15 15 15 15
15 15 15 15 15 15 15 7 15 15 15 15 15 15 15
15 15 15 15 15 15 15 7 8 8 8 8 8 8 15
15 0 0 0 0 0 0 4 15 8 15 8 15 8 15
15 15 15 15 15 15 15 15 15 15 15 15 15 15 15
