15 15 15 15 15 15 15 15 15 15 15 15 15 15 15
15 15 15 15 15 15 15 15 15 15 15 15 15 15 15
15 15 15 15 15 15 15 15 15 15 15 15 15 15 15
15 15 15 15 15 15 15 15 15 15 15 15 15 15 15
15 15 15 15 15 15 15 15 15 15 15 15 15 15 15
15 15 15 15 15 15 15 15 15 15 15 15 15 15 15
15 15 15 15 15 15 0 0 6 6 15 15 15 15 15
15 15 15 15 15 15 15 0 6 6 15 15 15 15 15
15 15 15 15 15 15 15 0 15 15 15 15 15 15 15
15 8 8 8 8 8 8 8 8 8 8 8 8 8 15
15 8 8 8 8 8 8 8 8 8 8 8 8 8 15
15 8 8 8 8 8 8 8 8 8 8 8 8 8 15
15 8 8 8 8 8 8 8 8 8 8 8 8 8 15
15 15 15 15 15 15 15 15 15 15 15 15 15 15 15
15 15 15 15 15 15 15 15 15 15 15 15 15 15 15

