15 15 15 15 15 15 15 15 15 15 15 15 15 15 15
15 7 7 7 15 15 15 15 15 15 15 15 15 15 15
15 7 7 7 15 15 15 15 15 15 15 15 15 15 15
15 7 7 7 15 15 15 15 15 15 15 15 15 15 15
15 7 7 7 15 15 15 15 15 15 15 15 15 15 15
15 7 7 7 15 15 15 15 0 0 0 0 15 15 15
15 7 7 7 0 0 0 0 0 0 0 0 15 15 15
15 7 7 7 0 0 0 0 0 0 0 0 15 15 15
15 7 7 7 0 0 0 0 0 0 0 0 0 15 15
15 7 7 7 8 8 8 8 8 8 8 8 8 8 15
15 7 7 7 8 8 8 8 8 8 8 8 8 8 15
15 7 7 7 8 8 8 8 8 8 8 8 8 8 15
15 7 7 7 8 8 8 8 8 8 8 8 8 8 15
15 7 7 7 15 15 15 15 15 15 15 15 15 15 15
15 15 15 15 15 15 15 15 15 15 15 15 15 15 15

