219 219 219 219 219 219 219 219 219 219 219 219 219 219 219
219 5 32 32 32 32 32 32 32 32 32 32 32 56 219
219 32 32 32 32 32 32 32 32 32 32 32 32 32 219
219 32 32 32 32 32 5 5 5 5 32 32 32 32 219
219 32 32 32 32 5 5 5 5 5 5 32 32 32 219
219 32 32 32 32 5 5 32 32 32 5 5 32 32 219
219 32 32 32 32 32 5 5 5 5 5 5 32 32 219
219 32 32 32 32 32 5 5 5 5 5 32 32 32 219
219 32 32 32 5 5 5 32 32 32 5 5 32 32 219
219 32 32 32 5 32 32 32 32 32 32 5 32 32 219
219 32 32 32 5 5 5 32 32 5 5 5 32 32 219
219 32 32 32 32 32 5 5 5 32 32 32 32 32 219
219 32 32 32 32 32 32 32 32 32 32 32 32 32 219
219 56 32 32 32 32 32 32 32 32 32 32 32 5 219
219 219 219 219 219 219 219 219 219 219 219 219 219 219 219
