219 219 219 219 219 219 219 219 219 219 219 219 219 219 219
219 51 32 32 32 32 32 32 32 32 32 32 32 6 219
219 32 32 32 32 32 32 32 32 32 32 32 32 32 219
219 32 32 32 32 32 32 32 32 32 32 32 32 32 219
219 32 32 6 6 6 6 6 6 6 6 32 32 32 219
219 32 6 32 32 32 32 32 32 32 6 32 32 32 219
219 32 32 32 32 32 32 32 32 32 6 32 32 32 219
219 32 32 32 32 32 32 6 6 6 6 32 32 32 219
219 32 32 6 6 6 6 6 6 6 6 32 32 32 219
219 32 32 32 32 32 32 32 32 32 6 6 32 32 219
219 32 32 6 6 6 32 32 32 32 6 6 32 32 219
219 32 32 32 32 6 6 6 6 6 6 32 32 32 219
219 32 32 32 32 32 32 32 32 32 32 32 32 32 219
219 6 32 32 32 32 32 32 32 32 32 32 32 51 219
219 219 219 219 219 219 219 219 219 219 219 219 219 219 219
