219 219 219 219 219 219 219 219 219 219 219 219 219 219 219
219 4 32 32 32 32 32 32 32 32 32 32 32 54 219
219 32 32 32 32 32 32 32 32 32 32 32 32 32 219
219 32 32 32 32 32 32 32 32 32 32 32 32 32 219
219 32 32 32 32 32 32 32 4 4 32 32 32 32 219
219 32 32 32 32 32 32 4 4 32 32 32 32 32 219
219 32 32 32 32 4 4 4 32 32 32 32 32 32 219
219 32 32 32 4 4 32 32 32 32 32 32 32 32 219
219 32 32 32 4 32 4 4 4 4 4 32 32 32 219
219 32 32 32 4 4 220 220 220 220 4 4 32 32 219
219 32 32 32 4 4 32 32 32 32 4 4 32 32 219
219 32 32 32 32 4 4 4 4 4 4 32 32 32 219
219 32 32 32 32 32 32 32 32 32 32 32 32 32 219
219 54 32 32 32 32 32 32 32 32 32 32 32 4 219
219 219 219 219 219 219 219 219 219 219 219 219 219 219 219
