15 15
218 0 0 196 0 0 196 0 0 196 0 0 196 0 0 196 0 0 196 0 0 196 0 0 196 0 0 196 0 0 196 0 0 196 0 0 196 0 0 196 0 0 191 0 0 
179 0 0 32 0 0 32 0 0 32 0 0 32 0 0 42 7 0 42 7 0 42 7 0 32 0 0 32 0 0 32 0 0 32 0 0 32 0 0 32 0 0 179 0 0 
179 0 0 32 0 0 32 0 0 32 0 0 220 8 0 220 8 0 220 8 0 219 8 0 220 8 0 32 0 0 32 0 0 32 0 0 32 0 0 32 0 0 179 0 0 
179 0 0 205 8 0 205 8 0 203 8 0 209 8 0 203 8 0 203 8 0 203 8 0 203 8 0 205 8 0 205 8 0 205 8 0 205 8 0 205 8 0 179 0 0 
179 0 0 32 0 0 32 0 0 219 8 0 219 8 0 219 8 0 219 8 0 219 8 0 185 8 0 32 0 0 32 0 0 32 0 0 32 0 0 32 0 0 179 0 0 
179 0 0 32 0 0 32 0 0 219 8 0 32 0 0 32 0 0 32 0 0 32 0 0 219 8 0 32 0 0 32 0 0 32 0 0 32 0 0 32 0 0 179 0 0 
179 0 0 32 0 0 32 0 0 219 8 0 32 0 0 32 0 0 32 0 0 32 0 0 32 0 0 219 8 0 32 0 0 32 0 0 32 0 0 32 0 0 179 0 0 
179 0 0 32 0 0 32 0 0 219 8 0 32 0 0 32 0 0 32 0 0 32 0 0 32 0 0 219 8 0 32 0 0 32 0 0 32 0 0 32 0 0 179 0 0 
179 0 0 32 0 0 32 0 0 219 8 0 32 0 0 32 0 0 32 0 0 32 0 0 32 0 0 219 8 0 32 0 0 32 0 0 32 0 0 32 0 0 179 0 0 
179 0 0 32 0 0 32 0 0 219 8 0 32 0 0 32 0 0 32 0 0 32 0 0 219 8 0 32 0 0 32 0 0 32 0 0 32 0 0 32 0 0 179 0 0 
179 0 0 32 0 0 32 0 0 219 8 0 219 8 0 219 8 0 219 8 0 219 8 0 32 0 0 32 0 0 32 0 0 32 0 0 32 0 0 32 0 0 179 0 0 
179 0 0 32 0 0 32 0 0 219 0 0 32 0 0 32 0 0 32 0 0 32 0 0 32 0 0 32 0 0 32 0 0 32 0 0 32 0 0 32 0 0 179 0 0 
179 0 0 32 0 0 32 0 0 32 0 0 32 0 0 32 0 0 32 0 0 32 0 0 32 0 0 32 0 0 32 0 0 32 0 0 32 0 0 32 0 0 179 0 0 
179 0 0 32 0 0 32 0 0 32 0 0 32 0 0 32 0 0 32 0 0 32 0 0 32 0 0 32 0 0 32 0 0 32 0 0 32 0 0 32 0 0 179 0 0 
192 0 0 196 0 0 196 0 0 196 0 0 196 0 0 196 0 0 196 0 0 196 0 0 196 0 0 196 0 0 196 0 0 196 0 0 196 0 0 196 0 0 217 0 0 
