15 15
201 1 0 205 1 0 205 1 0 205 1 0 205 1 0 205 1 0 205 1 0 205 1 0 205 1 0 205 1 0 205 1 0 205 1 0 205 1 0 205 1 0 187 1 0 
186 1 0 32 0 0 32 0 0 32 0 0 32 0 0 32 0 0 32 0 0 32 0 0 32 0 0 32 0 0 32 0 0 32 0 0 32 0 0 32 0 0 186 1 0 
186 1 0 32 0 0 32 0 0 32 0 0 32 0 0 32 0 0 32 0 0 32 0 0 32 0 0 32 0 0 32 0 0 32 0 0 32 0 0 32 0 0 186 1 0 
186 1 0 32 0 0 32 0 0 32 0 0 32 0 0 32 0 0 32 0 0 32 0 0 32 0 0 32 0 0 32 0 0 32 0 0 32 0 0 32 0 0 186 1 0 
186 1 0 32 0 0 32 0 0 32 0 0 32 0 0 219 2 0 219 2 0 219 2 0 219 2 0 219 2 0 219 2 0 32 0 0 32 0 0 32 0 0 186 1 0 
186 1 0 32 0 0 32 0 0 32 0 0 32 0 0 219 2 0 32 0 0 32 0 0 32 0 0 32 0 0 32 0 0 32 0 0 32 0 0 32 0 0 186 1 0 
186 1 0 32 0 0 32 0 0 32 0 0 32 0 0 219 2 0 32 0 0 32 0 0 32 0 0 32 0 0 32 0 0 32 0 0 32 0 0 32 0 0 186 1 0 
186 1 0 32 0 0 32 0 0 32 0 0 32 0 0 219 2 0 32 0 0 32 0 0 32 0 0 32 0 0 32 0 0 32 0 0 32 0 0 32 0 0 186 1 0 
186 1 0 32 0 0 32 0 0 32 0 0 32 0 0 219 2 0 32 0 0 32 0 0 32 0 0 32 0 0 32 0 0 32 0 0 32 0 0 32 0 0 186 1 0 
186 1 0 32 0 0 32 0 0 32 0 0 32 0 0 219 2 0 219 0 0 219 0 0 219 0 0 219 0 0 219 0 0 32 0 0 32 0 0 32 0 0 186 1 0 
186 1 0 32 0 0 32 0 0 32 0 0 32 0 0 219 2 0 219 2 0 219 2 0 219 2 0 219 2 0 219 2 0 32 0 0 32 0 0 32 0 0 186 1 0 
186 1 0 32 0 0 32 0 0 32 0 0 32 0 0 32 0 0 32 0 0 32 0 0 32 0 0 32 0 0 32 0 0 32 0 0 32 0 0 32 0 0 186 1 0 
186 1 0 32 0 0 32 0 0 32 0 0 32 0 0 32 0 0 32 0 0 32 0 0 32 0 0 32 0 0 32 0 0 32 0 0 32 0 0 32 0 0 186 1 0 
186 1 0 32 0 0 32 0 0 32 0 0 32 0 0 32 0 0 32 0 0 32 0 0 32 0 0 32 0 0 32 0 0 32 0 0 32 0 0 32 0 0 186 1 0 
200 1 0 205 1 0 205 1 0 205 1 0 205 1 0 205 1 0 205 1 0 205 1 0 205 1 0 205 1 0 205 1 0 205 1 0 205 1 0 205 1 0 188 1 0 
