15 15
218 1 0 196 1 0 196 1 0 196 1 0 196 1 0 196 1 0 196 1 0 196 1 0 196 1 0 196 1 0 196 1 0 196 1 0 196 1 0 196 1 0 191 1 0 
179 1 0 32 0 0 32 0 0 32 0 0 32 0 0 32 0 0 32 0 0 32 0 0 32 0 0 32 0 0 32 0 0 32 0 0 32 0 0 32 0 0 179 1 0 
179 1 0 32 0 0 32 0 0 32 0 0 32 0 0 32 0 0 219 2 0 219 2 0 219 2 0 219 2 0 32 0 0 32 0 0 32 0 0 32 0 0 179 1 0 
179 1 0 32 0 0 32 0 0 32 0 0 32 0 0 219 2 0 219 2 0 32 0 0 32 0 0 32 0 0 32 0 0 32 0 0 32 0 0 32 0 0 179 1 0 
179 1 0 32 0 0 32 0 0 32 0 0 32 0 0 219 2 0 32 0 0 32 0 0 32 0 0 32 0 0 32 0 0 32 0 0 32 0 0 32 0 0 179 1 0 
179 1 0 32 0 0 32 0 0 32 0 0 219 2 0 32 0 0 32 0 0 32 0 0 32 0 0 32 0 0 32 0 0 32 0 0 32 0 0 32 0 0 179 1 0 
179 1 0 32 0 0 32 0 0 32 0 0 219 2 0 32 0 0 32 0 0 32 0 0 32 0 0 32 0 0 32 0 0 32 0 0 32 0 0 32 0 0 179 1 0 
179 1 0 32 0 0 32 0 0 32 0 0 219 2 0 219 2 0 32 0 0 32 0 0 32 0 0 32 0 0 32 0 0 32 0 0 32 0 0 32 0 0 179 1 0 
179 1 0 219 2 0 219 2 0 219 2 0 219 2 0 219 2 0 32 0 0 32 0 0 32 0 0 32 0 0 32 0 0 32 0 0 32 0 0 32 0 0 179 1 0 
179 1 0 32 0 0 32 0 0 32 0 0 219 2 0 219 2 0 32 0 0 32 0 0 32 0 0 32 0 0 32 0 0 32 0 0 32 0 0 32 0 0 179 1 0 
179 1 0 32 0 0 32 0 0 32 0 0 219 2 0 32 0 0 32 0 0 32 0 0 32 0 0 32 0 0 32 0 0 32 0 0 32 0 0 32 0 0 179 1 0 
179 1 0 32 0 0 32 0 0 32 0 0 219 2 0 219 2 0 219 2 0 32 0 0 32 0 0 32 0 0 32 0 0 32 0 0 32 0 0 32 0 0 179 1 0 
179 1 0 32 0 0 32 0 0 32 0 0 32 0 0 32 0 0 32 0 0 219 2 0 219 2 0 219 2 0 32 0 0 32 0 0 32 0 0 32 0 0 179 1 0 
179 1 0 32 0 0 32 0 0 32 0 0 32 0 0 32 0 0 32 0 0 32 0 0 32 0 0 32 0 0 32 0 0 32 0 0 32 0 0 32 0 0 179 1 0 
192 1 0 196 1 0 196 1 0 196 1 0 196 1 0 196 1 0 196 1 0 196 1 0 196 1 0 196 1 0 196 1 0 196 1 0 196 1 0 196 1 0 217 1 0 
