15 15 15 15 15 15 15 15 15 15 15 15 15 15 15
15 7 15 15 15 15 15 15 15 15 15 15 15 15 15
15 7 15 15 15 15 15 15 15 15 15 15 15 15 15
15 7 15 15 15 15 15 15 15 15 15 15 15 15 15
15 7 15 15 15 15 15 15 15 15 15 15 15 15 15
15 7 15 15 15 15 15 15 0 0 0 0 15 15 15
15 7 15 15 15 15 0 6 6 15 15 0 15 15 15
15 7 15 15 15 15 15 6 6 15 15 0 15 15 15
15 7 15 15 15 15 15 15 15 15 15 15 0 15 15
15 7 8 8 8 8 8 8 8 8 8 8 8 8 15
15 7 8 8 8 8 8 8 8 8 8 8 8 8 15
15 7 8 8 8 8 8 8 8 8 8 8 8 8 15
15 7 8 8 8 8 8 8 8 8 8 8 8 8 15
15 7 15 15 15 15 15 15 15 15 15 15 15 15 15
15 15 15 15 15 15 15 15 15 15 15 15 15 15 15

