15 15
218 0 0 196 0 0 196 0 0 196 0 0 196 0 0 196 0 0 196 0 0 196 0 0 196 0 0 196 0 0 196 0 0 196 0 0 196 0 0 196 0 0 191 0 0 
179 0 0 32 15 0 32 15 0 32 15 0 32 15 0 32 15 0 32 15 0 32 15 0 32 15 0 32 15 0 32 15 0 32 15 0 32 15 0 32 15 0 179 0 0 
179 0 0 32 15 0 32 15 0 32 15 0 32 15 0 32 15 0 32 15 0 32 15 0 32 15 0 32 15 0 32 15 0 32 15 0 32 15 0 32 15 0 179 0 0 
179 0 0 32 15 0 32 15 0 32 15 0 32 15 0 32 15 0 32 15 0 220 4 0 220 2 0 220 2 0 32 15 0 32 15 0 32 15 0 32 15 0 179 0 0 
179 0 0 32 15 0 32 15 0 220 2 0 220 2 0 219 2 0 219 2 0 219 2 0 220 2 0 42 4 0 42 4 0 42 4 0 42 4 0 32 15 0 179 0 0 
179 0 0 32 15 0 32 15 0 219 2 0 219 2 0 223 2 0 32 15 0 32 15 0 32 15 0 223 2 0 42 0 0 42 0 0 42 0 0 32 15 0 179 0 0 
179 0 0 32 15 0 219 2 0 219 2 0 32 15 0 32 15 0 32 15 0 32 15 0 32 15 0 32 15 0 32 15 0 32 15 0 32 15 0 32 15 0 179 0 0 
179 0 0 219 2 0 219 2 0 32 15 0 32 15 0 32 15 0 32 15 0 32 15 0 32 15 0 32 15 0 32 15 0 32 15 0 32 15 0 32 15 0 179 0 0 
179 0 0 219 2 0 219 2 0 32 15 0 32 15 0 32 15 0 32 15 0 32 15 0 32 15 0 32 15 0 32 15 0 32 15 0 32 15 0 32 15 0 179 0 0 
179 0 0 32 15 0 219 2 0 219 2 0 32 15 0 32 15 0 32 15 0 32 15 0 32 15 0 32 15 0 32 15 0 32 15 0 32 15 0 32 15 0 179 0 0 
179 0 0 32 15 0 32 15 0 219 2 0 219 2 0 220 2 0 220 0 0 32 15 0 223 0 0 220 2 0 32 15 0 32 15 0 32 15 0 32 15 0 179 0 0 
179 0 0 32 15 0 32 15 0 32 15 0 32 15 0 32 15 0 223 2 0 223 2 0 223 2 0 32 15 0 32 15 0 32 15 0 32 15 0 32 15 0 179 0 0 
179 0 0 32 15 0 32 15 0 32 15 0 32 15 0 32 15 0 32 15 0 32 15 0 32 15 0 32 15 0 32 15 0 32 15 0 32 15 0 32 15 0 179 0 0 
179 0 0 32 15 0 32 15 0 32 15 0 32 15 0 32 15 0 32 15 0 32 15 0 32 15 0 32 15 0 32 15 0 32 15 0 32 15 0 32 15 0 179 0 0 
192 0 0 196 0 0 196 0 0 196 0 0 196 0 0 196 0 0 196 0 0 196 0 0 196 0 0 196 0 0 196 0 0 196 0 0 196 0 0 196 0 0 217 0 0 
