15 15 15 15 15 15 15 15 15 15 15 15 15 15 15
15 6 15 15 15 15 15 15 15 15 15 15 15 6 15
15 15 15 15 15 15 15 15 15 15 15 15 15 15 15
15 15 15 15 6 6 6 6 6 6 15 15 15 15 15
15 15 15 6 6 15 6 15 6 6 15 15 15 15 15
15 15 15 6 6 6 6 6 6 6 15 15 15 15 15
15 15 15 15 15 15 15 15 15 6 15 15 15 15 15
15 15 15 15 15 15 15 15 15 6 15 15 15 15 15
15 15 15 15 15 15 15 15 15 6 15 15 15 15 15
15 15 15 15 15 15 15 15 15 6 15 15 15 15 15
15 15 15 15 15 15 15 15 15 6 15 15 15 15 15
15 15 15 15 15 15 15 15 15 15 15 15 15 15 15
15 15 15 15 15 15 15 15 15 15 15 15 15 15 15
15 6 15 15 15 15 15 15 15 15 15 15 15 6 15
15 15 15 15 15 15 15 15 15 15 15 15 15 15 15

