219 219 219 219 219 219 219 219 219 219 219 219 219 219 219
219 57 32 32 32 32 32 32 32 32 32 32 32 3 219
219 32 32 32 32 32 32 32 32 32 32 32 32 32 219
219 32 32 32 57 57 57 57 57 57 32 32 32 32 219
219 32 32 57 57 32 32 32 57 57 32 32 32 32 219
219 32 32 57 57 57 57 57 57 57 32 32 32 32 219
219 32 32 32 32 32 32 32 32 57 32 32 32 32 219
219 32 32 32 32 32 32 32 32 57 32 32 32 32 219
219 32 32 32 32 32 32 32 32 57 32 32 32 32 219
219 32 32 32 32 32 32 32 32 57 32 32 32 32 219
219 32 32 32 32 32 32 32 32 57 32 32 32 32 219
219 32 32 32 32 32 32 32 32 32 32 32 32 32 219
219 32 32 32 32 32 32 32 32 32 32 32 32 32 219
219 3 32 32 32 32 32 32 32 32 32 32 32 57 219
219 219 219 219 219 219 219 219 219 219 219 219 219 219 219
