15 15
32 0 0 32 0 0 32 0 0 32 0 0 32 0 0 32 0 0 32 0 0 32 0 0 32 0 0 32 0 0 32 0 0 32 0 0 32 0 0 32 0 0 32 0 0 
32 0 0 32 0 0 32 0 0 32 0 0 32 0 0 32 0 0 32 0 0 32 0 0 32 0 0 32 0 0 32 0 0 32 0 0 32 0 0 32 0 0 32 0 0 
32 0 0 32 0 0 32 0 0 32 0 0 32 0 0 32 0 0 32 0 0 32 0 0 32 0 0 32 0 0 32 0 0 32 0 0 32 0 0 32 0 0 32 0 0 
32 0 0 32 0 0 32 0 0 32 0 0 219 2 0 219 2 0 32 0 0 32 0 0 32 0 0 32 0 0 32 0 0 32 0 0 32 0 0 32 0 0 32 0 0 
32 0 0 32 0 0 32 0 0 32 0 0 32 0 0 32 0 0 219 2 0 219 2 0 32 0 0 32 0 0 32 0 0 32 0 0 32 0 0 32 0 0 32 0 0 
32 0 0 32 0 0 32 0 0 32 0 0 32 0 0 32 0 0 32 0 0 32 0 0 219 2 0 219 2 0 32 0 0 32 0 0 32 0 0 32 0 0 32 0 0 
32 0 0 32 0 0 32 0 0 32 0 0 32 0 0 32 0 0 32 0 0 32 0 0 32 0 0 32 0 0 219 2 0 32 0 0 32 0 0 32 0 0 32 0 0 
32 0 0 32 0 0 32 0 0 32 0 0 32 0 0 32 0 0 32 0 0 32 0 0 32 0 0 32 0 0 219 2 0 32 0 0 32 0 0 32 0 0 32 0 0 
32 0 0 32 0 0 32 0 0 32 0 0 32 0 0 32 0 0 32 0 0 32 0 0 32 0 0 32 0 0 219 2 0 32 0 0 32 0 0 32 0 0 32 0 0 
32 0 0 32 0 0 32 0 0 32 0 0 32 0 0 32 0 0 32 0 0 32 0 0 219 2 0 219 2 0 32 0 0 32 0 0 32 0 0 32 0 0 32 0 0 
32 0 0 32 0 0 32 0 0 32 0 0 32 0 0 32 0 0 219 2 0 219 2 0 32 0 0 32 0 0 32 0 0 32 0 0 32 0 0 32 0 0 32 0 0 
32 0 0 32 0 0 32 0 0 32 0 0 219 2 0 219 2 0 32 0 0 32 0 0 32 0 0 32 0 0 32 0 0 32 0 0 32 0 0 32 0 0 32 0 0 
32 0 0 32 0 0 32 0 0 32 0 0 32 0 0 32 0 0 32 0 0 32 0 0 32 0 0 32 0 0 32 0 0 32 0 0 32 0 0 32 0 0 32 0 0 
32 0 0 32 0 0 32 0 0 32 0 0 32 0 0 32 0 0 32 0 0 32 0 0 32 0 0 32 0 0 32 0 0 32 0 0 32 0 0 32 0 0 32 0 0 
32 0 0 32 0 0 32 0 0 32 0 0 32 0 0 32 0 0 32 0 0 32 0 0 32 0 0 32 0 0 32 0 0 32 0 0 32 0 0 32 0 0 32 0 0 
