15 15
218 0 0 196 0 0 196 0 0 196 0 0 196 0 0 196 0 0 196 0 0 196 0 0 196 0 0 196 0 0 196 0 0 196 0 0 196 0 0 196 0 0 191 0 0 
179 0 0 32 0 0 32 0 0 32 0 0 32 0 0 32 0 0 32 0 0 32 0 0 32 0 0 32 0 0 32 0 0 32 0 0 32 0 0 32 0 0 179 0 0 
179 0 0 32 0 0 32 0 0 32 0 0 32 0 0 32 0 0 32 0 0 32 0 0 32 0 0 32 0 0 32 0 0 32 0 0 32 0 0 32 0 0 179 0 0 
179 0 0 32 0 0 32 0 0 219 2 0 219 2 0 219 2 0 219 2 0 219 2 0 219 2 0 32 0 0 32 0 0 32 0 0 32 0 0 32 0 0 179 0 0 
179 0 0 32 0 0 32 0 0 32 0 0 32 0 0 32 0 0 32 0 0 32 0 0 219 2 0 32 0 0 32 0 0 32 0 0 32 0 0 32 0 0 179 0 0 
179 0 0 32 0 0 32 0 0 32 0 0 32 0 0 32 0 0 32 0 0 32 0 0 219 2 0 32 0 0 32 0 0 32 0 0 32 0 0 32 0 0 179 0 0 
179 0 0 32 0 0 32 0 0 32 0 0 32 0 0 32 0 0 32 0 0 32 0 0 219 2 0 32 0 0 32 0 0 32 0 0 32 0 0 32 0 0 179 0 0 
179 0 0 32 0 0 32 0 0 32 0 0 32 0 0 32 0 0 32 0 0 32 0 0 219 2 0 32 0 0 32 0 0 32 0 0 32 0 0 32 0 0 179 0 0 
179 0 0 32 0 0 32 0 0 32 0 0 32 0 0 32 0 0 32 0 0 32 0 0 219 2 0 32 0 0 32 0 0 32 0 0 32 0 0 32 0 0 179 0 0 
179 0 0 32 0 0 32 0 0 219 2 0 219 2 0 219 2 0 219 2 0 219 2 0 219 2 0 32 0 0 32 0 0 32 0 0 32 0 0 32 0 0 179 0 0 
179 0 0 32 0 0 32 0 0 32 0 0 32 0 0 32 0 0 32 0 0 32 0 0 32 0 0 32 0 0 32 0 0 32 0 0 32 0 0 32 0 0 179 0 0 
179 0 0 32 0 0 32 0 0 32 0 0 32 0 0 32 0 0 32 0 0 32 0 0 32 0 0 32 0 0 32 0 0 32 0 0 32 0 0 32 0 0 179 0 0 
179 0 0 32 0 0 32 0 0 32 0 0 32 0 0 32 0 0 32 0 0 32 0 0 32 0 0 32 0 0 32 0 0 32 0 0 32 0 0 32 0 0 179 0 0 
179 0 0 32 0 0 32 0 0 32 0 0 32 0 0 32 0 0 32 0 0 32 0 0 32 0 0 32 0 0 32 0 0 32 0 0 32 0 0 32 0 0 179 0 0 
192 0 0 196 0 0 196 0 0 196 0 0 196 0 0 196 0 0 196 0 0 196 0 0 196 0 0 196 0 0 196 0 0 196 0 0 196 0 0 196 0 0 217 0 0 
